
=== log(VIX) Markov Switching AR(1) ===
                                 Markov Switching Model Results                                 
================================================================================================
Dep. Variable:     CBOE S&P100 Volatility Index - Close   No. Observations:                 8308
Model:                             MarkovAutoregression   Log Likelihood               10721.942
Date:                                  Tue, 12 Feb 2019   AIC                         -21431.885
Time:                                          18:53:29   BIC                         -21389.735
Sample:                                               0   HQIC                        -21417.485
                                                 - 8308                                         
Covariance Type:                                 approx                                         
                             Regime 0 parameters                              
==============================================================================
                 coef    std err          z      P>|z|      [0.025      0.975]
------------------------------------------------------------------------------
const          2.9143      0.052     56.123      0.000       2.813       3.016
                             Regime 1 parameters                              
==============================================================================
                 coef    std err          z      P>|z|      [0.025      0.975]
------------------------------------------------------------------------------
const          3.1250      0.052     59.729      0.000       3.022       3.227
                           Non-switching parameters                           
==============================================================================
                 coef    std err          z      P>|z|      [0.025      0.975]
------------------------------------------------------------------------------
sigma2         0.0037   6.86e-05     53.345      0.000       0.004       0.004
ar.L1          0.9872      0.002    561.081      0.000       0.984       0.991
                         Regime transition parameters                         
==============================================================================
                 coef    std err          z      P>|z|      [0.025      0.975]
------------------------------------------------------------------------------
p[0->0]        0.9829      0.002    505.368      0.000       0.979       0.987
p[1->0]        0.3460      0.036      9.641      0.000       0.276       0.416
==============================================================================

Warnings:
[1] Covariance matrix calculated using numerical (complex-step) differentiation.
=== mean low vol ===
mkt,0.0008487856785177775
smb,2.8730595893840756e-05
hml,0.00010481972959439156
rf,0.00012639083625437628
mom,0.00030389334001001527

=== covar low vol ===
,mkt,smb,hml,rf,mom
mkt,0.00010266393617391785,-4.389443635059451e-06,-7.845282114513959e-06,-1.9502379978506642e-08,-1.5381090175861015e-05
smb,-4.389443635059451e-06,3.270628224968605e-05,-3.867929902083625e-06,-1.8499023027467204e-08,3.0862497155963076e-06
hml,-7.845282114513959e-06,-3.867929902083625e-06,3.133496737703903e-05,-5.1517524972823e-09,-1.4889898571878102e-05
rf,-1.9502379978506642e-08,-1.8499023027467204e-08,-5.1517524972823e-09,9.702497534645518e-09,2.9161292724738796e-08
mom,-1.5381090175861015e-05,3.0862497155963076e-06,-1.4889898571878102e-05,2.9161292724738796e-08,6.42176522996276e-05

=== corr low vol ===
,mkt,smb,hml,rf,mom
mkt,1.0,-0.07575040006156379,-0.1383200019084169,-0.019540554689340864,-0.18943095578313357
smb,-0.07575040006156379,1.0,-0.1208226567764706,-0.032839114074079384,0.06734234891170734
hml,-0.1383200019084169,-0.1208226567764706,1.0,-0.009343263484116028,-0.33193259696663285
rf,-0.019540554689340864,-0.032839114074079384,-0.009343263484116028,1.0,0.03694347889591242
mom,-0.18943095578313357,0.06734234891170734,-0.33193259696663285,0.03694347889591242,1.0

=== mean high vol ===
mkt,-0.012657812500000004
smb,-0.0008606250000000005
hml,-0.0001443750000000003
rf,8.103124999999991e-05
mom,-0.00042343749999999993

=== covar high vol ===
,mkt,smb,hml,rf,mom
mkt,0.00044305210178291547,-4.079925254702191e-05,3.919401449843269e-06,-2.786267143416931e-07,1.3533938577586224e-05
smb,-4.079925254702191e-05,0.00010341606230407515,-9.332103056426333e-06,-1.5285246865203696e-08,-2.3194504310344817e-06
hml,3.919401449843269e-06,-9.332103056426333e-06,6.922090869905957e-05,2.2312740987460812e-07,-3.638493044670845e-05
rf,-2.786267143416931e-07,-1.5285246865203696e-08,2.2312740987460812e-07,8.111472374608143e-09,-1.729161931818183e-07
mom,1.3533938577586224e-05,-2.3194504310344817e-06,-3.638493044670845e-05,-1.729161931818183e-07,0.00010643408846003135

=== corr high vol ===
,mkt,smb,hml,rf,mom
mkt,1.0,-0.19060347203334538,0.02238070177571237,-0.14697568953293777,0.062324159171301144
smb,-0.19060347203334538,1.0,-0.11029780742647305,-0.01668893456185962,-0.022108064573187466
hml,0.02238070177571237,-0.11029780742647305,1.0,0.2977723917323825,-0.42389913312119487
rf,-0.14697568953293777,-0.01668893456185962,0.2977723917323825,1.0,-0.18609960295279662
mom,0.062324159171301144,-0.022108064573187466,-0.42389913312119487,-0.18609960295279662,1.0

=== T-test (equal variance) for ['mkt' 'smb' 'hml' 'rf' 'mom'] ===
Ttest_indResult(statistic=array([-22.02195538,  -2.62110803,  -0.76333263,  -8.10298383,
        -1.57230252]), pvalue=array([1.66366863e-104, 8.78041750e-003, 4.45286728e-001, 6.12550317e-016,
       1.15918496e-001]))